2.86805555555556e-05
8.73842592592593e-06
-5.95949074074074e-06
-5.95949074074074e-06
-5.37037037037037e-06
-4.50231481481482e-06
-2.44212962962963e-06
-5.95949074074074e-06
2.42824074074074e-05
4.89583333333333e-06
-5.95949074074074e-06
7.84722222222222e-06
-3.90046296296296e-06
-3.93518518518519e-07
-5.95949074074074e-06
-4.20138888888889e-06
1.02083333333333e-05
-5.09259259259259e-06
-4.79166666666667e-06
-5.95949074074074e-06
-3.31018518518518e-06
5.81018518518518e-05
7.98611111111111e-07
-5.95949074074074e-06
-5.95949074074074e-06
-5.95949074074074e-06
-5.95949074074074e-06
-5.95949074074074e-06
-9.60648148148148e-07
-5.6712962962963e-06
-1.26157407407407e-06
-5.95949074074074e-06
-5.37037037037037e-06
-4.80324074074074e-06
-5.95949074074074e-06
2.84722222222222e-06
-5.95949074074074e-06
-5.95949074074074e-06
3.125e-06
6.36574074074074e-06
-3.90046296296296e-06
2.87037037037037e-05
5.78703703703704e-06
-5.95949074074074e-06
-6.71296296296296e-07
-5.6712962962963e-06
-2.73148148148148e-06
-5.6712962962963e-06
-5.09259259259259e-06
-5.95949074074074e-06
-5.95949074074074e-06
-5.95949074074074e-06
-5.95949074074074e-06
6.06481481481481e-06
-3.91203703703704e-06
-5.95949074074074e-06
-5.95949074074074e-06
-5.95949074074074e-06
-5.95949074074074e-06
-4.20138888888889e-06
-9.25925925925926e-08
-5.38194444444444e-06
-3.63425925925926e-06
-5.38194444444444e-06
-5.95949074074074e-06
-5.95949074074074e-06
-3.91203703703704e-06
-1.5625e-06
-5.6712962962963e-06
-1.85185185185185e-06
-4.20138888888889e-06
-5.95949074074074e-06
1.97916666666667e-06
-5.95949074074074e-06
-5.95949074074074e-06
-5.95949074074074e-06
-5.95949074074074e-06
-4.18981481481482e-06
2.16550925925926e-05
5.79861111111111e-06
-5.38194444444444e-06
-2.15277777777778e-06
-5.38194444444444e-06
-3.32175925925926e-06
-5.95949074074074e-06
-5.95949074074074e-06
-5.95949074074074e-06
-6.71296296296296e-07
-5.38194444444444e-06
-5.95949074074074e-06
-5.95949074074074e-06
-5.95949074074074e-06
-5.6712962962963e-06
9.0162037037037e-06
3.16666666666667e-05
1.95833333333333e-05
-5.95949074074074e-06
-2.74305555555556e-06
1.02083333333333e-05
1.25578703703704e-05
2.78356481481481e-05
-1.85185185185185e-06
-1.25e-06
-3.92361111111111e-06
-5.95949074074074e-06
-1.26157407407407e-06
-2.44212962962963e-06
1.37037037037037e-05
-1.55092592592593e-06
7.87037037037037e-07
1.48958333333333e-05
4.27777777777778e-05
-5.95949074074074e-06
-5.37037037037037e-06
-5.08101851851852e-06
2.08333333333333e-07
2.82407407407407e-06
-5.6712962962963e-06
-3.02083333333333e-06
-5.95949074074074e-06
3.78356481481481e-05
2.63194444444444e-05
-5.95949074074074e-06
1.08796296296296e-06
-1.15740740740741e-07
-5.95949074074074e-06
-5.95949074074074e-06
5.78703703703704e-06
-5.08101851851852e-06
0.000126585648148148
5.01851851851852e-05
-5.95949074074074e-06
2.16435185185185e-05
-3.32175925925926e-06
-5.95949074074074e-06
2.07407407407407e-05
-3.90046296296296e-06
-5.6712962962963e-06
2.87037037037037e-06
-5.6712962962963e-06
-5.08101851851852e-06
-5.08101851851852e-06
4.30555555555556e-06
3.48842592592593e-05
-4.05092592592593e-07
3.66319444444444e-05
7.84722222222222e-06
4.31712962962963e-06
-5.95949074074074e-06
-5.95949074074074e-06
-5.08101851851852e-06
-5.95949074074074e-06
2.84722222222222e-06
-5.95949074074074e-06
-4.80324074074074e-06
6.19328703703704e-05
-5.95949074074074e-06
4.61805555555556e-06
1.8125e-05
2.16782407407407e-05
-5.95949074074074e-06
-5.95949074074074e-06
-5.6712962962963e-06
-2.4537037037037e-06
-3.31018518518518e-06
1.0775462962963e-05
-5.38194444444444e-06
8.44907407407407e-06
-5.6712962962963e-06
7.5462962962963e-06
1.34259259259259e-05
1.60648148148148e-05
-5.08101851851852e-06
1.98726851851852e-05
-1.04166666666667e-07
4.69212962962963e-05
-2.77777777777778e-06
-5.95949074074074e-06
-5.6712962962963e-06
-4.49074074074074e-06
7.54398148148148e-05
2.83564814814815e-06
-5.95949074074074e-06
-5.95949074074074e-06
-5.08101851851852e-06
2.19907407407407e-07
0.000105428240740741
-6.94444444444444e-07
-1.5625e-06
6.04513888888889e-05
1.0474537037037e-05
8.4375e-06
6.57523148148148e-05
4.91898148148148e-06
-7.17592592592593e-07
1.36574074074074e-06
6.68865740740741e-05
6.5474537037037e-05
-1.57407407407407e-06
8.42592592592593e-06
2.95601851851852e-05
-5.38194444444444e-06
-1.5625e-06
6.68981481481481e-05
2.02083333333333e-05
4.69212962962963e-05
-3.32175925925926e-06
-3.04398148148148e-06
-5.95949074074074e-06
3.72453703703704e-05
2.90046296296296e-05
8.125e-06
8.16087962962963e-05
1.78125e-05
2.78125e-05
-5.6712962962963e-06
-4.49074074074074e-06
5.20833333333333e-06
-5.95949074074074e-06
1.69444444444444e-05
-5.95949074074074e-06
-5.6712962962963e-06
-5.38194444444444e-06
-3.32175925925926e-06
-3.33333333333333e-06
-5.38194444444444e-06
3.13310185185185e-05
-5.6712962962963e-06
1.84143518518519e-05
2.55208333333333e-05
3.13888888888889e-05
-5.09259259259259e-06
-2.75462962962963e-06
4.90740740740741e-06
-5.95949074074074e-06
-5.6712962962963e-06
-5.95949074074074e-06
-5.95949074074074e-06
-5.95949074074074e-06
-5.09259259259259e-06
-5.08101851851852e-06
-5.95949074074074e-06
-5.95949074074074e-06
-5.6712962962963e-06
4.59490740740741e-06
-5.38194444444444e-06
-5.95949074074074e-06
-5.95949074074074e-06
-5.95949074074074e-06
1.40046296296296e-05
2.08333333333333e-07
-5.95949074074074e-06
-1.04166666666667e-07
2.57638888888889e-05
-5.95949074074074e-06
5.95833333333333e-05
-5.95949074074074e-06
5.47453703703704e-06
-3.03240740740741e-06
-5.95949074074074e-06
-5.95949074074074e-06
-4.20138888888889e-06
-5.95949074074074e-06
-5.95949074074074e-06
-5.95949074074074e-06
-5.95949074074074e-06
-5.95949074074074e-06
2.87152777777778e-05
-1.26157407407407e-06
-5.95949074074074e-06
4.00462962962963e-06
-5.95949074074074e-06
-5.95949074074074e-06
-5.95949074074074e-06
2.31365740740741e-05
-5.95949074074074e-06
1.43171296296296e-05
-3.91203703703704e-06
-5.95949074074074e-06
-1.57407407407407e-06
9.90740740740741e-06
-5.38194444444444e-06
-5.95949074074074e-06
-5.95949074074074e-06
-5.95949074074074e-06
6.71990740740741e-05
2.25694444444444e-06
-4.20138888888889e-06
-5.95949074074074e-06
1.81365740740741e-05
-5.95949074074074e-06
-5.95949074074074e-06
-4.50231481481482e-06
-5.6712962962963e-06
-5.95949074074074e-06
-5.95949074074074e-06
-4.21296296296296e-06
-5.95949074074074e-06
3.39930555555556e-05
9.3287037037037e-06
8.42592592592593e-06
-4.80324074074074e-06
-1.85185185185185e-06
1.19444444444444e-05
-3.02083333333333e-06
2.19907407407407e-07
3.72106481481481e-05
6.66666666666667e-06
-4.79166666666667e-06
1.0462962962963e-05
4.00462962962963e-06
-3.93518518518519e-07
-3.91203703703704e-06
-5.6712962962963e-06
-5.95949074074074e-06
-5.95949074074074e-06
-5.95949074074074e-06
4.61805555555556e-06
3.3125e-05
1.25462962962963e-05
-5.95949074074074e-06
4.86111111111111e-07
-2.73148148148148e-06
-5.6712962962963e-06
6.95601851851852e-06
-4.20138888888889e-06
-5.95949074074074e-06
-5.95949074074074e-06
3.14814814814815e-06
8.60416666666667e-05
-5.38194444444444e-06
2.90162037037037e-05
7.87037037037037e-07
6.93287037037037e-06
-3.92361111111111e-06
1.10532407407407e-05
3.5162037037037e-05
1.36921296296296e-05
-5.95949074074074e-06
5.95717592592593e-05
2.57175925925926e-05
2.51967592592593e-05
3.83796296296296e-05
1.08796296296296e-06
-2.15277777777778e-06
8.71527777777778e-06
-5.6712962962963e-06
-4.51388888888889e-06
-2.15277777777778e-06
-5.6712962962963e-06
6.66666666666667e-06
-5.95949074074074e-06
4.61805555555556e-06
1.01967592592593e-05
-2.73148148148148e-06
-5.95949074074074e-06
-5.95949074074074e-06
-5.95949074074074e-06
-2.73148148148148e-06
1.67824074074074e-06
3.98611111111111e-05
-6.8287037037037e-07
1.48726851851852e-05
0.000115451388888889
8.36574074074074e-05
